2641,2640,2639,2638,2637,2636,2635,2634,2633,2632,2631,2630,2629,2628,2627,2626,2625,2624,2623,2622,2621,2620,2619,2618,2617,2616,2615,2614,2613,2612,2611,2610,2609,2608,2607,2606,2605,2604,2603,2602,2601,2600,2599,2598,2597,2596,2595,2594,2593,2592,2591,
2442,2441,2440,2439,2438,2437,2436,2435,2434,2433,2432,2431,2430,2429,2428,2427,2426,2425,2424,2423,2422,2421,2420,2419,2418,2417,2416,2415,2414,2413,2412,2411,2410,2409,2408,2407,2406,2405,2404,2403,2402,2401,2400,2399,2398,2397,2396,2395,2394,2393,2590,
2443,2250,2249,2248,2247,2246,2245,2244,2243,2242,2241,2240,2239,2238,2237,2236,2235,2234,2233,2232,2231,2230,2229,2228,2227,2226,2225,2224,2223,2222,2221,2220,2219,2218,2217,2216,2215,2214,2213,2212,2211,2210,2209,2208,2207,2206,2205,2204,2203,2392,2589,
2444,2251,2066,2065,2064,2063,2062,2061,2060,2059,2058,2057,2056,2055,2054,2053,2052,2051,2050,2049,2048,2047,2046,2045,2044,2043,2042,2041,2040,2039,2038,2037,2036,2035,2034,2033,2032,2031,2030,2029,2028,2027,2026,2025,2024,2023,2022,2021,2202,2391,2588,
2445,2252,2067,1890,1889,1888,1887,1886,1885,1884,1883,1882,1881,1880,1879,1878,1877,1876,1875,1874,1873,1872,1871,1870,1869,1868,1867,1866,1865,1864,1863,1862,1861,1860,1859,1858,1857,1856,1855,1854,1853,1852,1851,1850,1849,1848,1847,2020,2201,2390,2587,
2446,2253,2068,1891,1722,1721,1720,1719,1718,1717,1716,1715,1714,1713,1712,1711,1710,1709,1708,1707,1706,1705,1704,1703,1702,1701,1700,1699,1698,1697,1696,1695,1694,1693,1692,1691,1690,1689,1688,1687,1686,1685,1684,1683,1682,1681,1846,2019,2200,2389,2586,
2447,2254,2069,1892,1723,1562,1561,1560,1559,1558,1557,1556,1555,1554,1553,1552,1551,1550,1549,1548,1547,1546,1545,1544,1543,1542,1541,1540,1539,1538,1537,1536,1535,1534,1533,1532,1531,1530,1529,1528,1527,1526,1525,1524,1523,1680,1845,2018,2199,2388,2585,
2448,2255,2070,1893,1724,1563,1410,1409,1408,1407,1406,1405,1404,1403,1402,1401,1400,1399,1398,1397,1396,1395,1394,1393,1392,1391,1390,1389,1388,1387,1386,1385,1384,1383,1382,1381,1380,1379,1378,1377,1376,1375,1374,1373,1522,1679,1844,2017,2198,2387,2584,
2449,2256,2071,1894,1725,1564,1411,1266,1265,1264,1263,1262,1261,1260,1259,1258,1257,1256,1255,1254,1253,1252,1251,1250,1249,1248,1247,1246,1245,1244,1243,1242,1241,1240,1239,1238,1237,1236,1235,1234,1233,1232,1231,1372,1521,1678,1843,2016,2197,2386,2583,
2450,2257,2072,1895,1726,1565,1412,1267,1130,1129,1128,1127,1126,1125,1124,1123,1122,1121,1120,1119,1118,1117,1116,1115,1114,1113,1112,1111,1110,1109,1108,1107,1106,1105,1104,1103,1102,1101,1100,1099,1098,1097,1230,1371,1520,1677,1842,2015,2196,2385,2582,
2451,2258,2073,1896,1727,1566,1413,1268,1131,1002,1001,1000,999,998,997,996,995,994,993,992,991,990,989,988,987,986,985,984,983,982,981,980,979,978,977,976,975,974,973,972,971,1096,1229,1370,1519,1676,1841,2014,2195,2384,2581,
2452,2259,2074,1897,1728,1567,1414,1269,1132,1003,882,881,880,879,878,877,876,875,874,873,872,871,870,869,868,867,866,865,864,863,862,861,860,859,858,857,856,855,854,853,970,1095,1228,1369,1518,1675,1840,2013,2194,2383,2580,
2453,2260,2075,1898,1729,1568,1415,1270,1133,1004,883,770,769,768,767,766,765,764,763,762,761,760,759,758,757,756,755,754,753,752,751,750,749,748,747,746,745,744,743,852,969,1094,1227,1368,1517,1674,1839,2012,2193,2382,2579,
2454,2261,2076,1899,1730,1569,1416,1271,1134,1005,884,771,666,665,664,663,662,661,660,659,658,657,656,655,654,653,652,651,650,649,648,647,646,645,644,643,642,641,742,851,968,1093,1226,1367,1516,1673,1838,2011,2192,2381,2578,
2455,2262,2077,1900,1731,1570,1417,1272,1135,1006,885,772,667,570,569,568,567,566,565,564,563,562,561,560,559,558,557,556,555,554,553,552,551,550,549,548,547,640,741,850,967,1092,1225,1366,1515,1672,1837,2010,2191,2380,2577,
2456,2263,2078,1901,1732,1571,1418,1273,1136,1007,886,773,668,571,482,481,480,479,478,477,476,475,474,473,472,471,470,469,468,467,466,465,464,463,462,461,546,639,740,849,966,1091,1224,1365,1514,1671,1836,2009,2190,2379,2576,
2457,2264,2079,1902,1733,1572,1419,1274,1137,1008,887,774,669,572,483,402,401,400,399,398,397,396,395,394,393,392,391,390,389,388,387,386,385,384,383,460,545,638,739,848,965,1090,1223,1364,1513,1670,1835,2008,2189,2378,2575,
2458,2265,2080,1903,1734,1573,1420,1275,1138,1009,888,775,670,573,484,403,330,329,328,327,326,325,324,323,322,321,320,319,318,317,316,315,314,313,382,459,544,637,738,847,964,1089,1222,1363,1512,1669,1834,2007,2188,2377,2574,
2459,2266,2081,1904,1735,1574,1421,1276,1139,1010,889,776,671,574,485,404,331,266,265,264,263,262,261,260,259,258,257,256,255,254,253,252,251,312,381,458,543,636,737,846,963,1088,1221,1362,1511,1668,1833,2006,2187,2376,2573,
2460,2267,2082,1905,1736,1575,1422,1277,1140,1011,890,777,672,575,486,405,332,267,210,209,208,207,206,205,204,203,202,201,200,199,198,197,250,311,380,457,542,635,736,845,962,1087,1220,1361,1510,1667,1832,2005,2186,2375,2572,
2461,2268,2083,1906,1737,1576,1423,1278,1141,1012,891,778,673,576,487,406,333,268,211,162,161,160,159,158,157,156,155,154,153,152,151,196,249,310,379,456,541,634,735,844,961,1086,1219,1360,1509,1666,1831,2004,2185,2374,2571,
2462,2269,2084,1907,1738,1577,1424,1279,1142,1013,892,779,674,577,488,407,334,269,212,163,122,121,120,119,118,117,116,115,114,113,150,195,248,309,378,455,540,633,734,843,960,1085,1218,1359,1508,1665,1830,2003,2184,2373,2570,
2463,2270,2085,1908,1739,1578,1425,1280,1143,1014,893,780,675,578,489,408,335,270,213,164,123,90,89,88,87,86,85,84,83,112,149,194,247,308,377,454,539,632,733,842,959,1084,1217,1358,1507,1664,1829,2002,2183,2372,2569,
2464,2271,2086,1909,1740,1579,1426,1281,1144,1015,894,781,676,579,490,409,336,271,214,165,124,91,66,65,64,63,62,61,82,111,148,193,246,307,376,453,538,631,732,841,958,1083,1216,1357,1506,1663,1828,2001,2182,2371,2568,
2465,2272,2087,1910,1741,1580,1427,1282,1145,1016,895,782,677,580,491,410,337,272,215,166,125,92,67,50,49,48,47,60,81,110,147,192,245,306,375,452,537,630,731,840,957,1082,1215,1356,1505,1662,1827,2000,2181,2370,2567,
2466,2273,2088,1911,1742,1581,1428,1283,1146,1017,896,783,678,581,492,411,338,273,216,167,126,93,68,51,42,41,46,59,80,109,146,191,244,305,374,451,536,629,730,839,956,1081,1214,1355,1504,1661,1826,1999,2180,2369,2566,
2467,2274,2089,1912,1743,1582,1429,1284,1147,1018,897,784,679,582,493,412,339,274,217,168,127,94,69,52,43,44,45,58,79,108,145,190,243,304,373,450,535,628,729,838,955,1080,1213,1354,1503,1660,1825,1998,2179,2368,2565,
2468,2275,2090,1913,1744,1583,1430,1285,1148,1019,898,785,680,583,494,413,340,275,218,169,128,95,70,53,54,55,56,57,78,107,144,189,242,303,372,449,534,627,728,837,954,1079,1212,1353,1502,1659,1824,1997,2178,2367,2564,
2469,2276,2091,1914,1745,1584,1431,1286,1149,1020,899,786,681,584,495,414,341,276,219,170,129,96,71,72,73,74,75,76,77,106,143,188,241,302,371,448,533,626,727,836,953,1078,1211,1352,1501,1658,1823,1996,2177,2366,2563,
2470,2277,2092,1915,1746,1585,1432,1287,1150,1021,900,787,682,585,496,415,342,277,220,171,130,97,98,99,100,101,102,103,104,105,142,187,240,301,370,447,532,625,726,835,952,1077,1210,1351,1500,1657,1822,1995,2176,2365,2562,
2471,2278,2093,1916,1747,1586,1433,1288,1151,1022,901,788,683,586,497,416,343,278,221,172,131,132,133,134,135,136,137,138,139,140,141,186,239,300,369,446,531,624,725,834,951,1076,1209,1350,1499,1656,1821,1994,2175,2364,2561,
2472,2279,2094,1917,1748,1587,1434,1289,1152,1023,902,789,684,587,498,417,344,279,222,173,174,175,176,177,178,179,180,181,182,183,184,185,238,299,368,445,530,623,724,833,950,1075,1208,1349,1498,1655,1820,1993,2174,2363,2560,
2473,2280,2095,1918,1749,1588,1435,1290,1153,1024,903,790,685,588,499,418,345,280,223,224,225,226,227,228,229,230,231,232,233,234,235,236,237,298,367,444,529,622,723,832,949,1074,1207,1348,1497,1654,1819,1992,2173,2362,2559,
2474,2281,2096,1919,1750,1589,1436,1291,1154,1025,904,791,686,589,500,419,346,281,282,283,284,285,286,287,288,289,290,291,292,293,294,295,296,297,366,443,528,621,722,831,948,1073,1206,1347,1496,1653,1818,1991,2172,2361,2558,
2475,2282,2097,1920,1751,1590,1437,1292,1155,1026,905,792,687,590,501,420,347,348,349,350,351,352,353,354,355,356,357,358,359,360,361,362,363,364,365,442,527,620,721,830,947,1072,1205,1346,1495,1652,1817,1990,2171,2360,2557,
2476,2283,2098,1921,1752,1591,1438,1293,1156,1027,906,793,688,591,502,421,422,423,424,425,426,427,428,429,430,431,432,433,434,435,436,437,438,439,440,441,526,619,720,829,946,1071,1204,1345,1494,1651,1816,1989,2170,2359,2556,
2477,2284,2099,1922,1753,1592,1439,1294,1157,1028,907,794,689,592,503,504,505,506,507,508,509,510,511,512,513,514,515,516,517,518,519,520,521,522,523,524,525,618,719,828,945,1070,1203,1344,1493,1650,1815,1988,2169,2358,2555,
2478,2285,2100,1923,1754,1593,1440,1295,1158,1029,908,795,690,593,594,595,596,597,598,599,600,601,602,603,604,605,606,607,608,609,610,611,612,613,614,615,616,617,718,827,944,1069,1202,1343,1492,1649,1814,1987,2168,2357,2554,
2479,2286,2101,1924,1755,1594,1441,1296,1159,1030,909,796,691,692,693,694,695,696,697,698,699,700,701,702,703,704,705,706,707,708,709,710,711,712,713,714,715,716,717,826,943,1068,1201,1342,1491,1648,1813,1986,2167,2356,2553,
2480,2287,2102,1925,1756,1595,1442,1297,1160,1031,910,797,798,799,800,801,802,803,804,805,806,807,808,809,810,811,812,813,814,815,816,817,818,819,820,821,822,823,824,825,942,1067,1200,1341,1490,1647,1812,1985,2166,2355,2552,
2481,2288,2103,1926,1757,1596,1443,1298,1161,1032,911,912,913,914,915,916,917,918,919,920,921,922,923,924,925,926,927,928,929,930,931,932,933,934,935,936,937,938,939,940,941,1066,1199,1340,1489,1646,1811,1984,2165,2354,2551,
2482,2289,2104,1927,1758,1597,1444,1299,1162,1033,1034,1035,1036,1037,1038,1039,1040,1041,1042,1043,1044,1045,1046,1047,1048,1049,1050,1051,1052,1053,1054,1055,1056,1057,1058,1059,1060,1061,1062,1063,1064,1065,1198,1339,1488,1645,1810,1983,2164,2353,2550,
2483,2290,2105,1928,1759,1598,1445,1300,1163,1164,1165,1166,1167,1168,1169,1170,1171,1172,1173,1174,1175,1176,1177,1178,1179,1180,1181,1182,1183,1184,1185,1186,1187,1188,1189,1190,1191,1192,1193,1194,1195,1196,1197,1338,1487,1644,1809,1982,2163,2352,2549,
2484,2291,2106,1929,1760,1599,1446,1301,1302,1303,1304,1305,1306,1307,1308,1309,1310,1311,1312,1313,1314,1315,1316,1317,1318,1319,1320,1321,1322,1323,1324,1325,1326,1327,1328,1329,1330,1331,1332,1333,1334,1335,1336,1337,1486,1643,1808,1981,2162,2351,2548,
2485,2292,2107,1930,1761,1600,1447,1448,1449,1450,1451,1452,1453,1454,1455,1456,1457,1458,1459,1460,1461,1462,1463,1464,1465,1466,1467,1468,1469,1470,1471,1472,1473,1474,1475,1476,1477,1478,1479,1480,1481,1482,1483,1484,1485,1642,1807,1980,2161,2350,2547,
2486,2293,2108,1931,1762,1601,1602,1603,1604,1605,1606,1607,1608,1609,1610,1611,1612,1613,1614,1615,1616,1617,1618,1619,1620,1621,1622,1623,1624,1625,1626,1627,1628,1629,1630,1631,1632,1633,1634,1635,1636,1637,1638,1639,1640,1641,1806,1979,2160,2349,2546,
2487,2294,2109,1932,1763,1764,1765,1766,1767,1768,1769,1770,1771,1772,1773,1774,1775,1776,1777,1778,1779,1780,1781,1782,1783,1784,1785,1786,1787,1788,1789,1790,1791,1792,1793,1794,1795,1796,1797,1798,1799,1800,1801,1802,1803,1804,1805,1978,2159,2348,2545,
2488,2295,2110,1933,1934,1935,1936,1937,1938,1939,1940,1941,1942,1943,1944,1945,1946,1947,1948,1949,1950,1951,1952,1953,1954,1955,1956,1957,1958,1959,1960,1961,1962,1963,1964,1965,1966,1967,1968,1969,1970,1971,1972,1973,1974,1975,1976,1977,2158,2347,2544,
2489,2296,2111,2112,2113,2114,2115,2116,2117,2118,2119,2120,2121,2122,2123,2124,2125,2126,2127,2128,2129,2130,2131,2132,2133,2134,2135,2136,2137,2138,2139,2140,2141,2142,2143,2144,2145,2146,2147,2148,2149,2150,2151,2152,2153,2154,2155,2156,2157,2346,2543,
2490,2297,2298,2299,2300,2301,2302,2303,2304,2305,2306,2307,2308,2309,2310,2311,2312,2313,2314,2315,2316,2317,2318,2319,2320,2321,2322,2323,2324,2325,2326,2327,2328,2329,2330,2331,2332,2333,2334,2335,2336,2337,2338,2339,2340,2341,2342,2343,2344,2345,2542,
2491,2492,2493,2494,2495,2496,2497,2498,2499,2500,2501,2502,2503,2504,2505,2506,2507,2508,2509,2510,2511,2512,2513,2514,2515,2516,2517,2518,2519,2520,2521,2522,2523,2524,2525,2526,2527,2528,2529,2530,2531,2532,2533,2534,2535,2536,2537,2538,2539,2540,2541,
□□□□□□□□■□□□□□□□□□□□■□□□■□□□□□□□■□□□□□□□□□□□□□□□■□■
□■□□□■□□□□□□□□□□□□□■□□□□□■□□□□□■□□□□□□□□□□□■□□□□□■□
□□□□□□□□■□□□■□■□□□□□□□□□□□□□□□■□□□□□□□■□□□□□■□□□■□□
□■□□□■□□□□□□□□□■□□□□□□□□□□□□□■□□□□□□□□□■□■□□□□□□□□□
□□□□■□□□□□□□□□■□■□□□■□■□□□■□□□□□■□□□□□□□□□□□□□■□□□□
□□□□□■□□□□□□□□□□□■□□□□□□□□□■□■□□□■□□□□□□□□□□□□□□□■□
■□■□■□□□■□□□□□■□□□■□□□□□■□□□□□□□□□□□■□□□□□□□■□□□□□□
□□□□□□□■□□□□□□□□□■□□□□□□□□□□□□□□□□□■□□□□□□□■□□□■□□□
□□□□□□□□□□□□□□■□□□□□□□□□■□□□□□□□□□□□■□□□□□■□□□□□□□□
□□□□□□□□□■□□□□□■□□□□□■□□□□□□□■□□□□□■□□□□□■□□□□□□□□□
□□□□□□□□□□□□□□■□□□□□■□□□□□□□■□□□□□■□□□□□■□■□□□□□□□□
□□□□□■□□□□□■□□□■□□□□□□□□□□□□□■□□□■□■□□□■□□□□□□□□□■□
□□□□□□□□□□■□■□□□□□□□■□□□■□□□□□■□□□□□□□■□□□□□□□□□□□■
□□□□□□□□□□□□□□□□□■□■□□□□□■□□□□□■□□□■□■□□□■□■□□□■□■□
□□□□□□□□□□□□□□■□□□□□■□□□□□■□□□□□□□□□■□□□■□□□□□□□□□□
□□□■□■□□□□□■□■□□□■□□□□□□□□□□□■□□□■□■□□□□□■□□□□□□□□□
□□□□■□□□□□■□□□□□■□□□■□□□□□□□■□□□□□■□□□■□□□■□□□□□□□□
□□□□□□□□□■□□□□□□□□□□□□□□□□□□□■□□□■□□□□□□□□□□□■□□□■□
■□■□□□□□□□□□□□□□■□□□■□□□□□■□□□□□■□□□□□□□□□□□■□□□□□□
□■□□□□□■□□□□□□□□□□□□□□□□□□□□□■□■□■□■□□□□□■□■□■□□□□□
□□■□□□■□□□□□■□■□□□■□□□□□■□□□□□■□□□■□■□□□□□□□□□■□□□□
□■□■□□□■□■□□□■□□□■□■□□□□□□□□□■□□□□□□□□□□□□□□□□□■□□□
□□□□□□□□□□□□□□□□□□□□□□■□□□□□■□■□□□□□□□■□□□■□□□□□□□□
□□□□□■□□□□□□□□□■□■□□□□□□□□□■□□□■□■□□□■□□□□□□□■□□□■□
□□■□■□■□□□□□■□■□■□□□□□■□□□■□□□□□□□□□□□□□□□□□□□□□□□□
□■□□□□□■□□□□□□□□□□□■□□□□□■□■□■□■□□□□□□□■□□□□□□□■□□□
■□■□□□■□□□□□□□□□□□□□■□□□■□□□■□□□□□■□□□□□□□■□□□□□■□□
□□□■□■□□□■□□□□□□□□□□□□□■□□□□□■□□□□□■□□□□□□□□□□□■□□□
□□□□□□□□□□□□□□□□□□□□□□■□■□□□□□□□■□□□□□■□■□□□□□■□□□□
□□□□□□□□□■□■□□□□□■□□□■□□□■□■□□□□□□□□□□□□□□□□□■□□□□□
□□□□■□■□■□□□■□□□□□□□■□□□□□■□■□□□■□□□□□□□□□□□■□□□□□□
□□□□□□□■□□□□□■□□□□□■□□□□□■□■□□□□□□□□□□□□□□□□□□□■□□□
■□□□□□□□■□□□□□■□□□■□□□■□■□□□■□□□□□■□□□□□□□□□□□□□□□□
□■□□□□□■□□□□□□□■□■□■□□□□□□□□□■□□□□□■□□□□□□□□□□□□□□□
□□□□□□□□□□□□□□□□■□■□□□■□□□□□■□□□□□□□□□□□■□□□□□□□□□■
□□□□□□□□□□□□□□□■□□□□□□□□□■□■□□□□□■□□□■□■□□□□□□□□□□□
■□■□■□■□□□■□□□■□□□□□■□□□□□□□□□□□■□■□□□■□□□□□■□□□□□□
□□□□□□□□□□□□□■□□□□□■□■□□□□□■□□□□□■□□□■□■□■□□□□□■□■□
□□□□□□□□□□□□■□□□□□□□□□■□□□□□□□■□□□□□□□□□□□■□□□□□□□□
□■□□□□□■□■□■□□□□□□□□□□□■□■□□□□□□□□□■□■□□□□□□□□□□□□□
□□□□□□□□□□■□□□□□□□■□□□□□□□□□■□□□□□□□■□□□■□□□■□■□□□■
□□□□□■□□□■□□□□□■□□□□□□□□□■□■□□□□□□□□□■□■□□□□□□□□□□□
□□□□■□□□■□□□□□□□■□□□□□□□□□■□□□□□■□□□□□■□□□□□■□□□□□■
□□□□□□□■□■□□□■□□□□□□□□□□□■□■□□□□□■□□□□□□□□□□□□□□□■□
□□□□□□■□□□■□■□□□□□■□□□□□□□□□□□■□□□□□□□□□■□■□□□□□■□□
□■□■□■□□□□□■□■□□□■□□□□□■□■□□□□□■□□□□□□□□□■□□□□□■□□□
□□□□□□□□□□□□□□□□□□■□□□□□■□□□■□■□□□□□□□□□□□■□□□□□□□□
□□□■□□□□□□□□□□□□□□□■□■□□□□□□□□□□□□□□□□□□□□□■□□□□□■□
□□■□■□□□□□□□□□□□□□□□■□■□□□□□■□□□■□■□□□□□□□□□■□□□□□■
□■□□□□□□□□□□□■□■□□□□□□□□□□□□□□□□□□□□□■□□□□□■□■□□□□□
□□□□□□□□□□□□■□□□□□□□□□□□□□□□□□■□□□□□□□□□■□□□□□□□■□□

